Vertex Count: 30

Data:

26.2964 16.8887 -0.7192 1.002 0.6769 -0 -0.2518 -0.9678
26.2964 14.3008 -0.0459 1.002 0.7261 -0 -0.2518 -0.9678
-26.2964 14.3008 -0.0459 -0.002 0.7261 -0 -0.2518 -0.9678
26.2964 52.3875 -0.7192 1.002 0.00199997 -0 -0 -1
26.2964 16.8887 -0.7192 1.002 0.6769 -0 -0 -1
-26.2964 16.8887 -0.7192 -0.002 0.6769 -0 -0 -1
26.2964 0 -2.7042 1.002 0.998 -0 0 -1
-26.2964 0 -2.7042 -0.002 0.998 -0 0 -1
-26.2964 8.6866 -2.7042 -0.002 0.8329 -0 0 -1
26.2964 14.3008 -0.0459 1.002 0.7261 -0 0 -1
26.2964 12.4743 -0.0459 1.002 0.7609 -0 0 -1
-26.2964 12.4743 -0.0459 -0.002 0.7609 -0 0 -1
26.2964 12.4743 -0.0459 1.002 0.7609 -0 0.5745 -0.8185
26.2964 8.6866 -2.7042 1.002 0.8329 -0 0.5745 -0.8185
-26.2964 8.6866 -2.7042 -0.002 0.8329 -0 0.5745 -0.8185
26.2964 16.8887 -0.7192 1.002 0.6769 -0 -0.2518 -0.9678
-26.2964 14.3008 -0.0459 -0.002 0.7261 -0 -0.2518 -0.9678
-26.2964 16.8887 -0.7192 -0.002 0.6769 -0 -0.2518 -0.9678
26.2964 52.3875 -0.7192 1.002 0.00199997 -0 -0 -1
-26.2964 16.8887 -0.7192 -0.002 0.6769 -0 -0 -1
-26.2964 52.3875 -0.7192 -0.002 0.00199997 -0 -0 -1
26.2964 0 -2.7042 1.002 0.998 -0 0 -1
-26.2964 8.6866 -2.7042 -0.002 0.8329 -0 0 -1
26.2964 8.6866 -2.7042 1.002 0.8329 -0 0 -1
26.2964 14.3008 -0.0459 1.002 0.7261 -0 0 -1
-26.2964 12.4743 -0.0459 -0.002 0.7609 -0 0 -1
-26.2964 14.3008 -0.0459 -0.002 0.7261 -0 0 -1
26.2964 12.4743 -0.0459 1.002 0.7609 -0 0.5745 -0.8185
-26.2964 8.6866 -2.7042 -0.002 0.8329 -0 0.5745 -0.8185
-26.2964 12.4743 -0.0459 -0.002 0.7609 -0 0.5745 -0.8185
