Vertex Count: 36

Data:

250 0 2500 0 0 0 -1 0
-250 0 2500 1 0 0 -1 0
-250 0 -2500 1 1 0 -1 0
-250 0 -2500 1 1 0 -1 0
250 0 -2500 0 1 0 -1 0
250 0 2500 0 0 0 -1 0
250 5000 2500 1 0 0 1 0
250 5000 -2500 1 1 0 1 0
-250 5000 -2500 0 1 0 1 0
-250 5000 -2500 0 1 0 1 0
-250 5000 2500 0 0 0 1 0
250 5000 2500 1 0 0 1 0
250 5000 -2500 1 0 0 0 -1
250 0 -2500 1 1 0 0 -1
-250 0 -2500 0 1 0 0 -1
-250 0 -2500 0 1 0 0 -1
-250 5000 -2500 0 0 0 0 -1
250 5000 -2500 1 0 0 0 -1
250 5000 2500 1 0 1 0 0
250 0 2500 1 1 1 0 0
250 0 -2500 0 1 1 0 0
250 0 -2500 0 1 1 0 0
250 5000 -2500 0 0 1 0 0
250 5000 2500 1 0 1 0 0
-250 5000 2500 1 0 0 0 1
-250 0 2500 1 1 0 0 1
250 0 2500 0 1 0 0 1
250 0 2500 0 1 0 0 1
250 5000 2500 0 0 0 0 1
-250 5000 2500 1 0 0 0 1
-250 5000 -2500 1 0 -1 0 0
-250 0 -2500 1 1 -1 0 0
-250 0 2500 0 1 -1 0 0
-250 0 2500 0 1 -1 0 0
-250 5000 2500 0 0 -1 0 0
-250 5000 -2500 1 0 -1 0 0
