Vertex Count: 228

Data:

11.1728 -0.003 20.9 1.1309 0.0943 0 -1 0
13.3728 -0.003 20.9 1.0508 0.0943 0 -1 0
13.3728 -0.003 23.1 1.0508 0.0143 0 -1 0
13.3728 -0.003 23.1 1.0508 0.0143 0 -1 0
11.1728 -0.003 23.1 1.1309 0.0143 0 -1 0
11.1728 -0.003 20.9 1.1309 0.0943 0 -1 0
11.1728 27.4925 23.1 0 0.1914 0 0 1
11.1728 -0.003 23.1 1 0.1914 0 0 1
13.3728 -0.003 23.1 1 0.2891 0 0 1
13.3728 -0.003 23.1 1 0.2891 0 0 1
13.3728 27.4925 23.1 0 0.2891 0 0 1
11.1728 27.4925 23.1 0 0.1914 0 0 1
11.1728 27.4925 20.9 0 0.0977 -1 0 0
11.1728 -0.003 20.9 1 0.0964 -1 0 0
11.1728 -0.003 23.1 1 0.1914 -1 0 0
11.1728 -0.003 23.1 1 0.1914 -1 0 0
11.1728 27.4925 23.1 0 0.1914 -1 0 0
11.1728 27.4925 20.9 0 0.0977 -1 0 0
13.3728 27.4925 20.9 0 0 0 0 -1
13.3728 -0.003 20.9 1 0 0 0 -1
11.1728 -0.003 20.9 1 0.0964 0 0 -1
11.1728 -0.003 20.9 1 0.0964 0 0 -1
11.1728 27.4925 20.9 0 0.0977 0 0 -1
13.3728 27.4925 20.9 0 0 0 0 -1
13.3728 27.4925 23.1 0 0.2891 1 0 0
13.3728 -0.003 23.1 1 0.2891 1 0 0
13.3728 -0.003 20.9 1 0.1918 1 0 0
13.3728 -0.003 20.9 1 0.1918 1 0 0
13.3728 27.4925 20.9 0 0.1918 1 0 0
13.3728 27.4925 23.1 0 0.2891 1 0 0
-10.6272 -0.003 20.9 1.1309 0.0943 0 -1 0
-10.6272 -0.003 23.1 1.0508 0.0943 0 -1 0
-12.8272 -0.003 23.1 1.0508 0.0143 0 -1 0
-12.8272 -0.003 23.1 1.0508 0.0143 0 -1 0
-12.8272 -0.003 20.9 1.1309 0.0143 0 -1 0
-10.6272 -0.003 20.9 1.1309 0.0943 0 -1 0
-12.8272 27.4925 20.9 0 0.1914 -1 0 0
-12.8272 -0.003 20.9 1 0.1914 -1 0 0
-12.8272 -0.003 23.1 1 0.2891 -1 0 0
-12.8272 -0.003 23.1 1 0.2891 -1 0 0
-12.8272 27.4925 23.1 0 0.2891 -1 0 0
-12.8272 27.4925 20.9 0 0.1914 -1 0 0
-10.6272 27.4925 20.9 0 0.0977 0 0 -1
-10.6272 -0.003 20.9 1 0.0964 0 0 -1
-12.8272 -0.003 20.9 1 0.1914 0 0 -1
-12.8272 -0.003 20.9 1 0.1914 0 0 -1
-12.8272 27.4925 20.9 0 0.1914 0 0 -1
-10.6272 27.4925 20.9 0 0.0977 0 0 -1
-10.6272 27.4925 23.1 0 0 1 0 0
-10.6272 -0.003 23.1 1 0 1 0 0
-10.6272 -0.003 20.9 1 0.0964 1 0 0
-10.6272 -0.003 20.9 1 0.0964 1 0 0
-10.6272 27.4925 20.9 0 0.0977 1 0 0
-10.6272 27.4925 23.1 0 0 1 0 0
-12.8272 27.4925 23.1 0 0.2891 0 0 1
-12.8272 -0.003 23.1 1 0.2891 0 0 1
-10.6272 -0.003 23.1 1 0.1918 0 0 1
-10.6272 -0.003 23.1 1 0.1918 0 0 1
-10.6272 27.4925 23.1 0 0.1918 0 0 1
-12.8272 27.4925 23.1 0 0.2891 0 0 1
13.3728 -0.003 -20.9 1.1309 0.0943 0 -1 0
11.1728 -0.003 -20.9 1.0508 0.0943 0 -1 0
11.1728 -0.003 -23.1 1.0508 0.0143 0 -1 0
11.1728 -0.003 -23.1 1.0508 0.0143 0 -1 0
13.3728 -0.003 -23.1 1.1309 0.0143 0 -1 0
13.3728 -0.003 -20.9 1.1309 0.0943 0 -1 0
13.3728 27.4925 -23.1 0 0.1914 0 -0 -1
13.3728 -0.003 -23.1 1 0.1914 0 -0 -1
11.1728 -0.003 -23.1 1 0.2891 0 -0 -1
11.1728 -0.003 -23.1 1 0.2891 0 -0 -1
11.1728 27.4925 -23.1 0 0.2891 0 -0 -1
13.3728 27.4925 -23.1 0 0.1914 0 -0 -1
13.3728 27.4925 -20.9 0 0.0977 1 0 0
13.3728 -0.003 -20.9 1 0.0964 1 0 0
13.3728 -0.003 -23.1 1 0.1914 1 0 0
13.3728 -0.003 -23.1 1 0.1914 1 0 0
13.3728 27.4925 -23.1 0 0.1914 1 0 0
13.3728 27.4925 -20.9 0 0.0977 1 0 0
11.1728 27.4925 -20.9 0 0 0 -0 1
11.1728 -0.003 -20.9 1 0 0 -0 1
13.3728 -0.003 -20.9 1 0.0964 0 -0 1
13.3728 -0.003 -20.9 1 0.0964 0 -0 1
13.3728 27.4925 -20.9 0 0.0977 0 -0 1
11.1728 27.4925 -20.9 0 0 0 -0 1
11.1728 27.4925 -23.1 0 0.2891 -1 0 0
11.1728 -0.003 -23.1 1 0.2891 -1 0 0
11.1728 -0.003 -20.9 1 0.1918 -1 0 0
11.1728 -0.003 -20.9 1 0.1918 -1 0 0
11.1728 27.4925 -20.9 0 0.1918 -1 0 0
11.1728 27.4925 -23.1 0 0.2891 -1 0 0
-12.8272 -0.003 -20.9 1.1309 0.0943 -0 -1 0
-12.8272 -0.003 -23.1 1.0508 0.0943 -0 -1 0
-10.6272 -0.003 -23.1 1.0508 0.0143 -0 -1 0
-10.6272 -0.003 -23.1 1.0508 0.0143 -0 -1 0
-10.6272 -0.003 -20.9 1.1309 0.0143 -0 -1 0
-12.8272 -0.003 -20.9 1.1309 0.0943 -0 -1 0
-10.6272 27.4925 -20.9 0 0.1914 1 -0 0
-10.6272 -0.003 -20.9 1 0.1914 1 -0 0
-10.6272 -0.003 -23.1 1 0.2891 1 -0 0
-10.6272 -0.003 -23.1 1 0.2891 1 -0 0
-10.6272 27.4925 -23.1 0 0.2891 1 -0 0
-10.6272 27.4925 -20.9 0 0.1914 1 -0 0
-12.8272 27.4925 -20.9 0 0.0977 0 0 1
-12.8272 -0.003 -20.9 1 0.0964 0 0 1
-10.6272 -0.003 -20.9 1 0.1914 0 0 1
-10.6272 -0.003 -20.9 1 0.1914 0 0 1
-10.6272 27.4925 -20.9 0 0.1914 0 0 1
-12.8272 27.4925 -20.9 0 0.0977 0 0 1
-12.8272 27.4925 -23.1 0 0 -1 -0 -0
-12.8272 -0.003 -23.1 1 0 -1 -0 0
-12.8272 -0.003 -20.9 1 0.0964 -1 -0 0
-12.8272 -0.003 -20.9 1 0.0964 -1 -0 -0
-12.8272 27.4925 -20.9 0 0.0977 -1 -0 -0
-12.8272 27.4925 -23.1 0 0 -1 -0 -0
-10.6272 27.4925 -23.1 0 0.2891 0 0 -1
-10.6272 -0.003 -23.1 1 0.2891 0 0 -1
-12.8272 -0.003 -23.1 1 0.1918 0 0 -1
-12.8272 -0.003 -23.1 1 0.1918 0 0 -1
-12.8272 27.4925 -23.1 0 0.1918 0 0 -1
-10.6272 27.4925 -23.1 0 0.2891 0 0 -1
-10.9273 27.5273 -21 0.9965 0.1928 1 0 -0
-10.9272 27.5273 21 0.2269 0.1928 1 0 -0
-10.9272 23.5273 21 0.2269 0.1164 1 0 -0
-10.9272 23.5273 21 0.2269 0.1164 1 0 -0
-10.9273 23.5273 -21 0.9965 0.1164 1 0 -0
-10.9273 27.5273 -21 0.9965 0.1928 1 0 -0
-12.5273 27.5273 -21 0.9975 0.00150001 -1 0 0
-12.5273 23.5273 -21 0.9975 0.0969 -1 0 0
-12.5272 23.5273 21 0.2258 0.0969 -1 0 0
-12.5272 23.5273 21 0.2258 0.0969 -1 0 0
-12.5272 27.5273 21 0.2258 0.00150001 -1 0 0
-12.5273 27.5273 -21 0.9975 0.00150001 -1 0 0
-12.5273 23.5273 -21 0.9975 0.0969 0 -1 0
-10.9273 23.5273 -21 0.9965 0.1475 0 -1 0
-10.9272 23.5273 21 0.2269 0.1475 0 -1 0
-10.9272 23.5273 21 0.2269 0.1475 0 -1 0
-12.5272 23.5273 21 0.2258 0.0969 0 -1 0
-12.5273 23.5273 -21 0.9975 0.0969 0 -1 0
11.2523 27.5273 -21.2 0.4349 0.095 0 0 1
-10.708 27.5273 -21.2 0.9964 0.095 0 0 1
-10.708 23.5273 -21.2 0.9964 0.1714 0 0 1
-10.708 23.5273 -21.2 0.9964 0.1714 0 0 1
11.2523 23.5273 -21.2 0.4349 0.1714 0 0 1
11.2523 27.5273 -21.2 0.4349 0.095 0 0 1
11.2523 27.5273 -22.8 0.4339 0.2863 -0 0 -1
11.2523 23.5273 -22.8 0.4339 0.1909 -0 0 -1
-10.708 23.5273 -22.8 0.9975 0.1909 -0 0 -1
-10.708 23.5273 -22.8 0.9975 0.1909 -0 0 -1
-10.708 27.5273 -22.8 0.9975 0.2863 -0 0 -1
11.2523 27.5273 -22.8 0.4339 0.2863 -0 0 -1
11.2523 23.5273 -22.8 0.4339 0.1909 -0 -1 0
11.2523 23.5273 -21.2 0.4349 0.1403 -0 -1 0
-10.708 23.5273 -21.2 0.9964 0.1403 -0 -1 0
-10.708 23.5273 -21.2 0.9964 0.1403 -0 -1 0
-10.708 23.5273 -22.8 0.9975 0.1909 -0 -1 0
11.2523 23.5273 -22.8 0.4339 0.1909 -0 -1 0
11.4728 27.5273 21 0.9965 0.1928 -1 0 0
11.4727 27.5273 -21 0.2269 0.1928 -1 0 0
11.4727 23.5273 -21 0.2269 0.1164 -1 0 0
11.4727 23.5273 -21 0.2269 0.1164 -1 0 0
11.4728 23.5273 21 0.9965 0.1164 -1 0 0
11.4728 27.5273 21 0.9965 0.1928 -1 0 0
13.0728 27.5273 21 0.9975 0.00150001 1 0 -0
13.0728 23.5273 21 0.9975 0.0969 1 0 -0
13.0727 23.5273 -21 0.2258 0.0969 1 0 -0
13.0727 23.5273 -21 0.2258 0.0969 1 0 -0
13.0727 27.5273 -21 0.2258 0.00150001 1 0 -0
13.0728 27.5273 21 0.9975 0.00150001 1 0 -0
13.0728 23.5273 21 0.9975 0.0969 -0 -1 -0
11.4728 23.5273 21 0.9965 0.1475 0 -1 -0
11.4727 23.5273 -21 0.2269 0.1475 0 -1 -0
11.4727 23.5273 -21 0.2269 0.1475 -0 -1 -0
13.0727 23.5273 -21 0.2258 0.0969 -0 -1 -0
13.0728 23.5273 21 0.9975 0.0969 -0 -1 -0
-10.7118 27.5273 21.2 0.7021 0.0102 -0 0 -1
11.2485 27.5273 21.2 0.1407 0.0102 -0 0 -1
11.2485 23.5273 21.2 0.1407 0.0866 -0 0 -1
11.2485 23.5273 21.2 0.1407 0.0866 -0 0 -1
-10.7118 23.5273 21.2 0.7021 0.0866 -0 0 -1
-10.7118 27.5273 21.2 0.7021 0.0102 -0 0 -1
-10.7118 27.5273 22.8 0.7031 0.1855 0 0 1
-10.7118 23.5273 22.8 0.7031 0.0959 0 0 1
11.2485 23.5273 22.8 0.1396 0.0959 0 0 1
11.2485 23.5273 22.8 0.1396 0.0959 0 0 1
11.2485 27.5273 22.8 0.1396 0.1855 0 0 1
-10.7118 27.5273 22.8 0.7031 0.1855 0 0 1
-10.7118 23.5273 22.8 0.7031 0.0959 0 -1 -0
-10.7118 23.5273 21.2 0.7021 0.0396 0 -1 -0
11.2485 23.5273 21.2 0.1407 0.0396 0 -1 -0
11.2485 23.5273 21.2 0.1407 0.0396 0 -1 -0
11.2485 23.5273 22.8 0.1396 0.0959 0 -1 -0
-10.7118 23.5273 22.8 0.7031 0.0959 0 -1 -0
-14.491 28.3936 24.6063 0.0255 0.975 0 1 0
15.0365 28.3936 24.6063 0.0255 0.3014 0 1 0
15.0365 28.3936 -24.6063 0.9759 0.3014 0 1 0
15.0365 28.3936 -24.6063 0.9759 0.3014 0 1 0
-14.491 28.3936 -24.6063 0.9759 0.975 0 1 0
-14.491 28.3936 24.6063 0.0255 0.975 0 1 0
-14.491 28.3936 24.6063 0.0255 0.975 -1 0 0
-14.491 28.3936 -24.6063 0.9759 0.975 -1 0 0
-14.491 27.4093 -24.6063 1.0039 1 -1 0 0
-14.491 27.4093 -24.6063 1.0039 1 -1 0 0
-14.491 27.4093 24.6063 0 1 -1 0 0
-14.491 28.3936 24.6063 0.0255 0.975 -1 0 0
-14.491 28.3936 -24.6063 0.9759 0.975 -0 0 -1
15.0365 28.3936 -24.6063 0.9759 0.3014 -0 0 -1
15.0365 27.4093 -24.6063 1.0002 0.3012 -0 0 -1
15.0365 27.4093 -24.6063 1.0002 0.3012 -0 0 -1
-14.491 27.4093 -24.6063 1 0.9752 -0 0 -1
-14.491 28.3936 -24.6063 0.9759 0.975 -0 0 -1
15.0365 28.3936 -24.6063 0.0322 0.3011 1 0 0
15.0365 28.3936 24.6063 0.9689 0.3011 1 0 0
15.0365 27.4093 24.6063 0.9689 0.3434 1 0 0
15.0365 27.4093 24.6063 0.9689 0.3434 1 0 0
15.0365 27.4093 -24.6063 0.0322 0.3434 1 0 0
15.0365 28.3936 -24.6063 0.0322 0.3011 1 0 0
15.0365 28.3936 24.6063 0.0255 0.3014 0 -0 1
-14.491 28.3936 24.6063 0.0255 0.975 0 0 1
-14.491 27.4093 24.6063 0 0.9748 0 0 1
-14.491 27.4093 24.6063 0 0.9748 0 -0 1
15.0365 27.4093 24.6063 0 0.3019 0 -0 1
15.0365 28.3936 24.6063 0.0255 0.3014 0 -0 1
15.0365 27.4093 24.6063 0.0253 0.3019 0 -1 0
-14.491 27.4093 24.6063 0.0253 0.9756 0 -1 0
-14.491 27.4093 -24.6063 0.9757 0.9756 0 -1 0
-14.491 27.4093 -24.6063 0.9757 0.9756 0 -1 0
15.0365 27.4093 -24.6063 0.9757 0.3019 0 -1 0
15.0365 27.4093 24.6063 0.0253 0.3019 0 -1 0
