Vertex Count: 72

Data:

83.3 0 1 0 0 0 -1 0
-83.3 0 1 1 0 0 -1 0
-83.3 0 -1 1 1 0 -1 0
-83.3 0 -1 1 1 0 -1 0
83.3 0 -1 0 1 0 -1 0
83.3 0 1 0 0 0 -1 0
83.3 2 1 1 0 0 1 0
83.3 2 -1 1 1 0 1 0
-83.3 2 -1 0 1 0 1 0
-83.3 2 -1 0 1 0 1 0
-83.3 2 1 0 0 0 1 0
83.3 2 1 1 0 0 1 0
83.3 2 -1 1 0 0 0 -1
83.3 0 -1 1 1 0 0 -1
-83.3 0 -1 0 1 0 0 -1
-83.3 0 -1 0 1 0 0 -1
-83.3 2 -1 0 0 0 0 -1
83.3 2 -1 1 0 0 0 -1
83.3 2 1 1 0 1 0 0
83.3 0 1 1 1 1 0 0
83.3 0 -1 0 1 1 0 0
83.3 0 -1 0 1 1 0 0
83.3 2 -1 0 0 1 0 0
83.3 2 1 1 0 1 0 0
-83.3 2 1 1 0 0 0 1
-83.3 0 1 1 1 0 0 1
83.3 0 1 0 1 0 0 1
83.3 0 1 0 1 0 0 1
83.3 2 1 0 0 0 0 1
-83.3 2 1 1 0 0 0 1
-83.3 2 -1 1 0 -1 0 0
-83.3 0 -1 1 1 -1 0 0
-83.3 0 1 0 1 -1 0 0
-83.3 0 1 0 1 -1 0 0
-83.3 2 1 0 0 -1 0 0
-83.3 2 -1 1 0 -1 0 0
83.3 48 1 0 0 0 -1 0
-83.3 48 1 1 0 0 -1 0
-83.3 48 -1 1 1 0 -1 0
-83.3 48 -1 1 1 0 -1 0
83.3 48 -1 0 1 0 -1 0
83.3 48 1 0 0 0 -1 0
83.3 50 1 1 0 0 1 0
83.3 50 -1 1 1 0 1 0
-83.3 50 -1 0 1 0 1 0
-83.3 50 -1 0 1 0 1 0
-83.3 50 1 0 0 0 1 0
83.3 50 1 1 0 0 1 0
83.3 50 -1 1 0 0 0 -1
83.3 48 -1 1 1 0 0 -1
-83.3 48 -1 0 1 0 0 -1
-83.3 48 -1 0 1 0 0 -1
-83.3 50 -1 0 0 0 0 -1
83.3 50 -1 1 0 0 0 -1
83.3 50 1 1 0 1 0 0
83.3 48 1 1 1 1 0 0
83.3 48 -1 0 1 1 0 0
83.3 48 -1 0 1 1 0 0
83.3 50 -1 0 0 1 0 0
83.3 50 1 1 0 1 0 0
-83.3 50 1 1 0 0 0 1
-83.3 48 1 1 1 0 0 1
83.3 48 1 0 1 0 0 1
83.3 48 1 0 1 0 0 1
83.3 50 1 0 0 0 0 1
-83.3 50 1 1 0 0 0 1
-83.3 50 -1 1 0 -1 0 0
-83.3 48 -1 1 1 -1 0 0
-83.3 48 1 0 1 -1 0 0
-83.3 48 1 0 1 -1 0 0
-83.3 50 1 0 0 -1 0 0
-83.3 50 -1 1 0 -1 0 0
