Vertex Count: 72

Data:

85.3 0 1 0 0 0 -1 0
83.3 0 1 1 0 0 -1 0
83.3 0 -1 1 1 0 -1 0
83.3 0 -1 1 1 0 -1 0
85.3 0 -1 0 1 0 -1 0
85.3 0 1 0 0 0 -1 0
85.3 50 1 1 0 0 1 0
85.3 50 -1 1 1 0 1 0
83.3 50 -1 0 1 0 1 0
83.3 50 -1 0 1 0 1 0
83.3 50 1 0 0 0 1 0
85.3 50 1 1 0 0 1 0
85.3 50 -1 1 0 0 0 -1
85.3 0 -1 1 1 0 0 -1
83.3 0 -1 0 1 0 0 -1
83.3 0 -1 0 1 0 0 -1
83.3 50 -1 0 0 0 0 -1
85.3 50 -1 1 0 0 0 -1
85.3 50 1 1 0 1 0 0
85.3 0 1 1 1 1 0 0
85.3 0 -1 0 1 1 0 0
85.3 0 -1 0 1 1 0 0
85.3 50 -1 0 0 1 0 0
85.3 50 1 1 0 1 0 0
83.3 50 1 1 0 0 0 1
83.3 0 1 1 1 0 0 1
85.3 0 1 0 1 0 0 1
85.3 0 1 0 1 0 0 1
85.3 50 1 0 0 0 0 1
83.3 50 1 1 0 0 0 1
83.3 50 -1 1 0 -1 0 0
83.3 0 -1 1 1 -1 0 0
83.3 0 1 0 1 -1 0 0
83.3 0 1 0 1 -1 0 0
83.3 50 1 0 0 -1 0 0
83.3 50 -1 1 0 -1 0 0
-83.3 0 1 0 0 0 -1 0
-85.3 0 1 1 0 0 -1 0
-85.3 0 -1 1 1 0 -1 0
-85.3 0 -1 1 1 0 -1 0
-83.3 0 -1 0 1 0 -1 0
-83.3 0 1 0 0 0 -1 0
-83.3 50 1 1 0 0 1 0
-83.3 50 -1 1 1 0 1 0
-85.3 50 -1 0 1 0 1 0
-85.3 50 -1 0 1 0 1 0
-85.3 50 1 0 0 0 1 0
-83.3 50 1 1 0 0 1 0
-83.3 50 -1 1 0 0 0 -1
-83.3 0 -1 1 1 0 0 -1
-85.3 0 -1 0 1 0 0 -1
-85.3 0 -1 0 1 0 0 -1
-85.3 50 -1 0 0 0 0 -1
-83.3 50 -1 1 0 0 0 -1
-83.3 50 1 1 0 1 0 0
-83.3 0 1 1 1 1 0 0
-83.3 0 -1 0 1 1 0 0
-83.3 0 -1 0 1 1 0 0
-83.3 50 -1 0 0 1 0 0
-83.3 50 1 1 0 1 0 0
-85.3 50 1 1 0 0 0 1
-85.3 0 1 1 1 0 0 1
-83.3 0 1 0 1 0 0 1
-83.3 0 1 0 1 0 0 1
-83.3 50 1 0 0 0 0 1
-85.3 50 1 1 0 0 0 1
-85.3 50 -1 1 0 -1 0 0
-85.3 0 -1 1 1 -1 0 0
-85.3 0 1 0 1 -1 0 0
-85.3 0 1 0 1 -1 0 0
-85.3 50 1 0 0 -1 0 0
-85.3 50 -1 1 0 -1 0 0
